Threshold adjustment data for ``document'' label.
Each tople is a result of f1 value and its according threshold.
The first element in a tople is a threshold output value, and the second element in a tople is a f1 value.


document = [(0.01, 0.6155073388640715), (0.02, 0.6669027802372942), (0.03, 0.6928518242740135), (0.04, 0.7106991116261107), (0.05, 0.723606168446026), (0.06, 0.7356089678852757), (0.07, 0.7451546391752579), (0.08, 0.7506769423036866), (0.09, 0.7566427667650781), (0.1, 0.7597955706984667), (0.11, 0.7630280935020374), (0.12, 0.7663066954643628), (0.13, 0.7705703090988246), (0.14, 0.7718531468531469), (0.15, 0.7746634297064665), (0.16, 0.7769656699889259), (0.17, 0.7772089917649678), (0.18, 0.7781996872905964), (0.19, 0.7794480592326677), (0.2, 0.7804328223624888), (0.21, 0.7816455696202531), (0.22, 0.784206943498979), (0.23, 0.7857142857142857), (0.24, 0.7859264336303405), (0.25, 0.7870879120879121), (0.26, 0.7878787878787881), (0.27, 0.7888556297490215), (0.28, 0.7890246714318653), (0.29, 0.7894493290143451), (0.3, 0.7897174617878648), (0.31, 0.7909788421297373), (0.32, 0.7924528301886792), (0.33, 0.7921348314606741), (0.34, 0.7925058548009367), (0.35000000000000003, 0.7947331295556077), (0.36, 0.7952885747938752), (0.37, 0.7964142486435479), (0.38, 0.7981087470449172), (0.39, 0.7982954545454546), (0.4, 0.7988601282355735), (0.41000000000000003, 0.7986688851913476), (0.42, 0.7987630827783064), (0.43, 0.7994282991900905), (0.44, 0.799523241954708), (0.45, 0.800286327845383), (0.46, 0.8006684172833612), (0.47000000000000003, 0.8022977501196746), (0.48, 0.8026819923371648), (0.49, 0.8034515819750718), (0.5, 0.8044156467482602), (0.51, 0.8050949291035809), (0.52, 0.805294825511432), (0.53, 0.8055890146952541), (0.54, 0.8054080154514727), (0.55, 0.8050253684464846), (0.56, 0.8056092843326884), (0.5700000000000001, 0.8059051306873185), (0.58, 0.8059122849527502), (0.59, 0.8055286129970901), (0.6, 0.8060208788540907), (0.61, 0.8066083576287657), (0.62, 0.8063183475091129), (0.63, 0.8054541027514001), (0.64, 0.8057518888618084), (0.65, 0.8056640625), (0.66, 0.8049853372434017), (0.67, 0.8050868182929811), (0.68, 0.8049019607843138), (0.6900000000000001, 0.8052011776251226), (0.7000000000000001, 0.8058013765978367), (0.71, 0.8052139695031972), (0.72, 0.8047278995321349), (0.73, 0.8045353709637664), (0.74, 0.8046373951652689), (0.75, 0.8046431217584588), (0.76, 0.8048418972332015), (0.77, 0.8038585209003216), (0.78, 0.803761445186835), (0.79, 0.8042616451932607), (0.8, 0.8047630860828578), (0.81, 0.8044720496894411), (0.8200000000000001, 0.8037801541904999), (0.8300000000000001, 0.8022908366533865), (0.84, 0.8024937655860349), (0.85, 0.8028978266300275), (0.86, 0.8014024542950163), (0.87, 0.800100326059694), (0.88, 0.7995981918633853), (0.89, 0.7988925245406493), (0.9, 0.7969696969696971), (0.91, 0.7969658659924146), (0.92, 0.7946179233307946), (0.93, 0.7919531448943213), (0.9400000000000001, 0.7915284511354936), (0.9500000000000001, 0.7892445582586427), (0.96, 0.785695909441729), (0.97, 0.7820910973084886), (0.98, 0.7731662751239885), (0.99, 0.7609730301427815)]


Threshold adjustment data for ``bug'' label. 
Each tople is a result of f1 value and its according threshold.
The first element in a tople is a threshold output value, and the second element in a tople is a f1 value.

bug = [(0.01, 0.6937621832358675), (0.02, 0.708302056748236), (0.03, 0.7164118453802001), (0.04, 0.7219135802469137), (0.05, 0.7252256926429387), (0.06, 0.7291372364359336), (0.07, 0.7340195302190551), (0.08, 0.7358811040339704), (0.09, 0.7382464379102406), (0.1, 0.7406095728697145), (0.11, 0.7429188022659833), (0.12, 0.7449642625081223), (0.13, 0.7463709019735769), (0.14, 0.7477919528949951), (0.15, 0.7509322219785041), (0.16, 0.7519243457224544), (0.17, 0.7541273259345149), (0.18, 0.7553857229883149), (0.19, 0.7560907930517786), (0.2, 0.7574998608560138), (0.21, 0.7584589614740369), (0.22, 0.7598991879025484), (0.23, 0.7605190719622493), (0.24, 0.7611436289959478), (0.25, 0.7614539306846999), (0.26, 0.7627281460134487), (0.27, 0.7643456566114766), (0.28, 0.7651235444476001), (0.29, 0.7664254373468574), (0.3, 0.7679305619004112), (0.31, 0.7691162151325963), (0.32, 0.7699455119013479), (0.33, 0.7715765247410816), (0.34, 0.7726617875871608), (0.35000000000000003, 0.7738095238095238), (0.36, 0.7743690669136375), (0.37, 0.7744291178857077), (0.38, 0.7746847213343407), (0.39, 0.7751207307848955), (0.4, 0.7761246280413092), (0.41000000000000003, 0.7771087858771263), (0.42, 0.7779339423752635), (0.43, 0.7789374926703412), (0.44, 0.7799141529958252), (0.45, 0.7805539186800237), (0.46, 0.7814030326272936), (0.47000000000000003, 0.782058109947334), (0.48, 0.782789071297339), (0.49, 0.7834708781096005), (0.5, 0.7840665873959572), (0.51, 0.7849007096427932), (0.52, 0.7852152624350631), (0.53, 0.7855776130112414), (0.54, 0.7863739954420055), (0.55, 0.7865033621517772), (0.56, 0.7867965367965368), (0.5700000000000001, 0.7876960193003619), (0.58, 0.788113070790046), (0.59, 0.7886557416701941), (0.6, 0.7893717467618933), (0.61, 0.7900679941719281), (0.62, 0.7904941348082416), (0.63, 0.7913669064748201), (0.64, 0.7916463116756229), (0.65, 0.7920513604402324), (0.66, 0.7925176326280281), (0.67, 0.7928281959965614), (0.68, 0.7929292929292929), (0.6900000000000001, 0.7935352538399851), (0.7000000000000001, 0.7943358891911946), (0.71, 0.7946257197696737), (0.72, 0.7950804397788682), (0.73, 0.7951507615791109), (0.74, 0.7951642051473795), (0.75, 0.7957728864432215), (0.76, 0.7959183673469388), (0.77, 0.7966601795467387), (0.78, 0.7982367758186398), (0.79, 0.7984339479666582), (0.8, 0.7988345578920699), (0.81, 0.799085307755828), (0.8200000000000001, 0.7993372841394253), (0.8300000000000001, 0.7998722044728435), (0.84, 0.7996665384122098), (0.85, 0.7993569131832797), (0.86, 0.8003099974166883), (0.87, 0.8011661807580175), (0.88, 0.8019524894240155), (0.89, 0.8020642801149725), (0.9, 0.8021826309907305), (0.91, 0.8027525971018329), (0.92, 0.8023681234617175), (0.93, 0.8020338529470795), (0.9400000000000001, 0.8019154245632967), (0.9500000000000001, 0.8021499523744726), (0.96, 0.8011824556579128), (0.97, 0.799916224518291), (0.98, 0.797808764940239), (0.99, 0.7902159541648303)]

