Threshold adjustment data for ``document'' label.
Each tuple is a result of f1 value and its according threshold.
The first element in a tuple is a threshold output value, and the second element is the corresponding f1 value.


document = [(0.01, 0.6700361010830326), (0.02, 0.7215496368038741), (0.03, 0.745647558386412), (0.04, 0.7644209599295465), (0.05, 0.7757303370786517), (0.06, 0.7810218978102191), (0.07, 0.7867036011080333), (0.08, 0.7901119402985075), (0.09, 0.7945334590009426), (0.1, 0.7971496437054633), (0.11, 0.7990430622009569), (0.12, 0.8017324350336862), (0.13, 0.801158301158301), (0.14, 0.8021286889211418), (0.15, 0.8023312287518213), (0.16, 0.8025291828793774), (0.17, 0.8027343750000001), (0.18, 0.8025540275049116), (0.19, 0.801775147928994), (0.2, 0.8021760633036598), (0.21, 0.8033763654419067), (0.22, 0.8035803083043261), (0.23, 0.802992518703242), (0.24, 0.801), (0.25, 0.8014042126379137), (0.26, 0.8022143935581278), (0.27, 0.8032290615539858), (0.28, 0.803030303030303), (0.29, 0.8020253164556962), (0.3, 0.8020253164556962), (0.31, 0.8022312373225151), (0.32, 0.7997967479674797), (0.33, 0.8006103763987793), (0.34, 0.800203873598369), (0.35, 0.7993874425727412), (0.36, 0.7987742594484167), (0.37, 0.799182422074604), (0.38, 0.7983623336745137), (0.39, 0.796923076923077), (0.4, 0.7954779033915724), (0.41, 0.7952674897119342), (0.42, 0.7946474523932063), (0.43, 0.7950566426364573), (0.44, 0.7936016511867905), (0.45, 0.7937984496124032), (0.46, 0.7937984496124032), (0.47, 0.7919045147898288), (0.48, 0.7919045147898288), (0.49, 0.7906493506493507), (0.5, 0.79002079002079), (0.51, 0.789172306090578), (0.52, 0.7885416666666666), (0.53, 0.7883211678832117), (0.54, 0.787467362924282), (0.55, 0.7876569037656904), (0.56, 0.7880690737833596), (0.57, 0.7884816753926701), (0.58, 0.787624541164132), (0.59, 0.7874015748031497), (0.6, 0.7861271676300579), (0.61, 0.7839831401475236), (0.62, 0.783342119135477), (0.63, 0.7822410147991543), (0.64, 0.782010582010582), (0.65, 0.7804878048780488), (0.66, 0.7798408488063661), (0.67, 0.7785448751991503), (0.68, 0.7759446514103248), (0.69, 0.7737459978655282), (0.7, 0.7717797969000533), (0.71, 0.7717797969000533), (0.72, 0.771948608137045), (0.73, 0.7712908409212641), (0.74, 0.7703862660944205), (0.75, 0.7696447793326158), (0.76, 0.7696447793326158), (0.77, 0.7680690399137001), (0.78, 0.7664864864864864), (0.79, 0.766901027582477), (0.8, 0.7655657823497564), (0.81, 0.7648970747562297), (0.82, 0.7633007600434311), (0.83, 0.7633007600434311), (0.84, 0.7627856365614798), (0.85, 0.7627856365614798), (0.86, 0.7618528610354224), (0.87, 0.7605019094380796), (0.88, 0.7599781301257519), (0.89, 0.7592997811816192), (0.9, 0.7569939659901261), (0.91, 0.755360087960418), (0.92, 0.7544052863436124), (0.93, 0.7523441809156094), (0.94, 0.7509663169519601), (0.95, 0.7465335551858014), (0.96, 0.7438752783964365), (0.97, 0.7365470852017937), (0.98, 0.7285067873303167), (0.99, 0.7162471395881006)]


Threshold adjustment data for ``bug'' label. 
Each tuple is a result of f1 value and its according threshold.
The first element in a tuple is a threshold output value, and the second element is the corresponding f1 value.

bug = [(0.01, 0.753688745288099), (0.02, 0.7646470261256253), (0.03, 0.7708876544609455), (0.04, 0.7755196304849885), (0.05, 0.777894124490983), (0.06, 0.7795136849524257), (0.07, 0.7826603325415676), (0.08, 0.7834608030592735), (0.09, 0.7843231546044722), (0.1, 0.7849631330835247), (0.11, 0.7869491112734357), (0.12, 0.7883604352610344), (0.13, 0.7889953328420536), (0.14, 0.7896033505789605), (0.15, 0.7914292791676988), (0.16, 0.7923402138771449), (0.17, 0.7919630600274554), (0.18, 0.7930904994367256), (0.19, 0.7938144329896908), (0.2, 0.7936908517350157), (0.21, 0.7939278937381404), (0.22, 0.7953795379537955), (0.23, 0.795874188208328), (0.24, 0.7962206332992849), (0.25, 0.7960618846694797), (0.26, 0.7964601769911505), (0.27, 0.7974259974259975), (0.28, 0.7977296181630548), (0.29, 0.7984476067270375), (0.3, 0.7980831498510556), (0.31, 0.7974552064398859), (0.32, 0.7977119084763391), (0.33, 0.7983828899321856), (0.34, 0.7982742842201596), (0.35, 0.7988987939171474), (0.36, 0.7990549940937131), (0.37, 0.799474030243261), (0.38, 0.8004223864836325), (0.39, 0.8007936507936508), (0.4, 0.8003714020427112), (0.41, 0.8005849508109545), (0.42, 0.8004260418053522), (0.43, 0.8011204481792716), (0.44, 0.8014469453376204), (0.45, 0.8008048289738431), (0.46, 0.8005372733378106), (0.47, 0.8000538575467888), (0.48, 0.7994609164420486), (0.49, 0.799622183241128), (0.5, 0.7992972023246384), (0.51, 0.7988607079886071), (0.52, 0.7997280761386811), (0.53, 0.8001089324618736), (0.54, 0.8003277792952744), (0.55, 0.8002189381499727), (0.56, 0.799287085275569), (0.57, 0.7989556135770236), (0.58, 0.798293891029169), (0.59, 0.7984004412575842), (0.6, 0.7976798784698246), (0.61, 0.7960116327378478), (0.62, 0.7954513937040633), (0.63, 0.7947148817802504), (0.64, 0.7942037062839626), (0.65, 0.7938058035714286), (0.66, 0.7935619314205737), (0.67, 0.7932193891846455), (0.68, 0.7912921348314608), (0.69, 0.7912798874824191), (0.7, 0.7908616556197998), (0.71, 0.7898305084745763), (0.72, 0.7893915756630265), (0.73, 0.787775408670931), (0.74, 0.7859078590785908), (0.75, 0.7846616111031621), (0.76, 0.7839037662895604), (0.77, 0.7832208016089642), (0.78, 0.782934563274719), (0.79, 0.7811506215669269), (0.8, 0.780692854036817), (0.81, 0.7807362141713954), (0.82, 0.7800963081861958), (0.83, 0.7774524158125915), (0.84, 0.775732587247828), (0.85, 0.7737075332348597), (0.86, 0.7722889778964546), (0.87, 0.7698943923843522), (0.88, 0.7673688928731511), (0.89, 0.7658360852596817), (0.9, 0.7607510599636584), (0.91, 0.7578755136204535), (0.92, 0.7541385652973636), (0.93, 0.7513113236655352), (0.94, 0.743097800655124), (0.95, 0.7378518635005503), (0.96, 0.7299618320610688), (0.97, 0.7201293451899757), (0.98, 0.7027653585030633), (0.99, 0.6628689798032109)]

